759.1885
644.557
3899.28125
1480.80625
1883.4475
1497.362
1878.40975
1130.193
1148.87675
1147.7695
561.468
1484.3425
1099.16625
700.7225
652.25725
1117.7855
1780.22
1362.23875
741.64325
572.998
1039.87725
976.32325
973.5385
1734.71575
527.2725
1007.1565
392.189
195.985
295.19125
469.97675
586.1865
524.47025
344.61525
872.33125
1095.273
426.611
598.06975
900.73725
109.048
474.6295
820.95775
439.14975
481.07975
338.07125
286.052
830.091
203.991
426.7645
119.57125
1118.25525
372.813
294.64725
334.39525
347.267
262.698
352.10575
248.174
362.452
245.5085
218.107
312.17875
315.02925
266.94875
306.21675
87.02225
290.9075
750.77675
881.6675
197.09925
328.366
191.659
561.215
1842.515
395.51125
237.301
178.4245
246.459
297.7255
1014.491
146.59625
184.23475
408.625
106.45925
128.47925
118.2885
123.86575
246.53075
500.62575
204.521
299.5805
89.29125
80.174
114.6755
67.1755
39.421
197.64825
1.13475
22.60925
75.1
33.54375
47.69425
24.82275
39.8725
60.767
2.20275
70.072
185.59125
54.9775
3.47275
21.74475
104.326
29.842
68.469
27.9785
38.0455
1.97825
0.06925
