988.0475
694.50425
551.36875
573.56325
728.05425
995.55175
779.023
829.62775
599.36775
751.6705
700.73825
977.08075
987.621
1232.29525
850.21625
746.176
924.96275
1302.61675
526.922
821.1985
474.13525
615.513
661.81775
535.0765
1223.16825
407.115
517.61525
620.20525
613.179
593.7725
503.789
295.87925
498.9275
604.88225
691.465
354.35775
495.32375
264.395
614.356
520.5455
461.54225
452.03975
418.1665
587.62825
496.3035
1078.24125
319.86825
442.34325
1292.557
415.847
562.40275
509.45325
1347.201
259.358
380.7765
317.1145
391.18125
396.93225
515.8435
705.265
308.771
586.9845
480.86175
378.90375
430.334
403.01925
432.44725
311.741
459.9005
571.56675
359.016
452.9215
442.68675
267.64
361.631
394.85425
301.39025
139.53825
252.07975
392.64675
237.8155
315.257
480.616
256.4785
293.99475
206.93675
314.51775
338.51375
213.38225
217.91775
366.07025
347.908
224.85
414.12975
265.45
286.58825
301.34875
310.142
255.58225
187.776
174.8455
147.59175
176.7065
164.72225
146.964
225.64425
277.4355
186.88425
220.96175
202.1915
117.066
146.39575
162.65775
231.57025
113.85325
207.63375
320.8895
101.9235
96.57925
56.766
125.5685
61.25875
143.83675
286.72625
139.2055
171.91125
150.55525
203.87725
43.38925
124.5355
67.85425
68.85775
26.94325
28.09425
43.88775
33.16525
25.05
34.90575
5.64575
41.6775
4.2925
11.6925
48.887
18.476
7.2325
3.21475
6.54825
0.02875
57.257
22.9785
