948.117714285
915.855142857
1123.510571428
888.414857142
1516.085714285
918.999142857
886.092571428
1224.936
1293.883142857
1135.462571428
1629.082571428
1928.055428571
1587.668857142
1275.061714285
583.362857142
722.442571428
702.57
812.032857142
1147.35
1050.538285714
539.810571428
564.709428571
926.839428571
599.870857142
801.928857142
787.876857142
1258.268857142
567.842857142
1139.260571428
792.565714285
445.440571428
1297.91
354.155428571
491.806571428
352.262571428
521.666285714
401.997714285
277.884857142
371.161714285
926.893714285
204.502
821.167428571
256.804285714
335.973428571
601.260857142
869.731142857
407.196285714
873.996571428
938.787142857
315.944
357.899142857
183.217142857
312.015142857
567.498571428
629.262
384.393428571
736.989714285
234.765142857
501.235428571
259.811428571
369.969428571
328.326285714
268.971714285
1493.690857142
367.332285714
501.937428571
602.528571428
240.625714285
311.938857142
91.659428571
343.665714285
284.413428571
410.104571428
173.852571428
374.506857142
992.154285714
311.494857142
448.024857142
202.972857142
372.271142857
90.931428571
524.288
288.277428571
408.384
240.999714285
101.91285714200001
138.439142857
360.135428571
225.214571428
118.458857142
243.181714285
91.516857142
171.232285714
180.116571428
210.355142857
145.507142857
174.515142857
205.113142857
161.626285714
91.203142857
177.972857142
116.598571428
166.694
69.114
49.063142857
78.483714285
11.534857142
81.261142857
88.748571428
1.028285714
24.950857142
66.237714285
85.440285714
40.534285714
33.170571428
25.710571428
11.613714285
58.688857142
102.616857142
53.460571428
68.268857142
19.415142857
63.138857142
0.002285714
12.307142857
52.448285714
9.546
