586.654857142
373.688857142
599.144571428
581.962857142
319.650857142
778.699142857
611.094857142
661.721714285
714.388857142
770.318857142
414.850285714
1404.675428571
910.570571428
1177.576285714
876.120285714
460.185428571
593.439142857
1478.450857142
465.928
421.051142857
463.324
683.590571428
657.447714285
844.136857142
662.681428571
531.968
504.896
343.87
799.206857142
570.97
290.592
447.978857142
478.262285714
717.019714285
1190.436285714
778.421428571
580.551714285
1057.727714285
564.785142857
663.565428571
556.129714285
567.558285714
450.616
471.396571428
1247.782
502.93
484.995142857
709.071714285
382.014
912.968
637.115428571
140.317142857
550.368285714
433.386571428
901.971428571
782.502
380.633142857
696.777142857
756.563142857
918.705714285
517.935428571
738.179714285
546.004857142
563.687714285
581.878285714
549.092857142
474.258
489.974857142
294.384285714
617.736571428
222.276
296.988
619.022571428
842.792
246.585714285
600.694
489.313428571
316.393714285
791.873714285
254.735714285
595.282571428
693.918
474.077142857
470.023714285
375.230571428
202.858285714
141.214
101.592
386.894571428
218.623714285
263.233428571
158.588285714
242.894285714
646.218857142
67.634571428
166.374571428
347.034571428
63.076
151.647142857
120.528285714
44.597142857
153.233428571
42.544571428
140.398571428
60.554
42.501428571
101.323142857
376.446857142
24.740857142
103.649142857
24.169142857
26.186285714
12.862
38.205142857
39.360285714
34.630285714
6.322285714
55.069428571
30.667428571
84.056
152.971142857
51.957428571
35.187714285
41.830571428
66.846
5.737428571
24.741714285
0.000571428
15.698857142
35.142285714
4.014857142
37.618285714
21.085142857
39.598285714
27.654857142
43.171142857
17.065142857
3.139714285
11.586857142
38.47
44.392571428
37.195142857
22.13
4.304571428
128.857142857
6.939714285
0
22.734571428
58.917714285
18.082571428
63.665142857
0.837142857
33.571142857
15.752571428
0.831714285
