549.713
3755.54025
1746.712
2029.735
1451.3835
1682.05125
1049.9335
1196.71525
1905.262
1118.1075
752.0495
625.8015
991.847
1664.1285
671.20675
988.41825
1377.8345
757.238
824.503
818.734
657.09375
756.1525
552.042
975.55025
662.1775
515.8805
725.7615
717.72525
815.33175
371.27375
350.2
355.49175
429.48575
670.96525
657.65875
803.97
797.97675
562.69775
732.20625
404.7075
571.42125
807.51775
976.06975
315.239
315.6955
278.16175
386.37125
474.85175
477.95175
500.05
402.57125
786.67
324.64075
572.06025
349.5915
310.20325
503.0825
307.33275
332.608
599.684
332.033
144.23425
332.4095
550.3825
110.028
286.748
802.487
275.10175
344.29425
540.3775
282.26775
205.725
383.1235
468.80775
214.101
212.062
137.701
122.9665
366.4415
272.6885
411.9445
444.84175
256.2405
262.4055
153.596
672.226
192.53375
231.59175
149.27425
156.74575
75.21775
276.9495
127.026
153.76775
143.36975
153.21825
63.67575
35.242
41.46975
95.365
25.071
36.58575
108.927
96.85575
112.33675
65.17025
151.486
58.137
34.1525
7.30125
64.5725
63.57525
1.67625
47.47375
0
0
