1010.8335
1105.64125
1225.84775
1088.89525
1043.775
1316.31125
1302.652
574.26225
1880.18025
449.047
683.5995
777.58625
670.6715
793.935
1652.7285
1160.056
970.66475
934.28625
1204.45525
1102.78575
862.22925
1051.8175
1076.96675
539.643
553.977
622.61675
684.11075
804.68725
685.56025
933.56625
706.7315
572.443
981.138
576.43275
1108.39225
767.19175
711.84225
466.404
443.35825
775.212
643.57625
573.302
311.236
536.75775
1191.7895
783.05975
530.0715
629.474
943.79175
430.56325
171.31275
405.41625
1079.163
388.5555
379.44875
210.3365
448.5365
245.15925
378.57275
208.51075
953.24075
527.63125
633.79175
730.7225
442.479
580.9745
346.63975
433.719
353.9255
362.88475
226.84675
882.6515
136.024
153.28875
281.09625
282.95325
368.3525
232.05625
109.26025
347.57575
201.31425
273.537
109.0955
258.5435
204.1815
137.4935
239.89925
201.3825
255.1385
255.76325
131.58525
148.6755
187.80875
132.966
87.7045
167.988
28.51825
212.8245
147.71625
236.71375
54.07225
102.9115
200.15175
73.19975
126.30975
180.82925
20.7935
99.09075
115.60075
135.816
155.095
56.23325
15.95175
84.0755
49.93375
134.9705
11.88975
55.36925
52.257
15.39625
