694.83075
898.60375
1142.4095
576.743
927.46925
623.4405
578.0965
760.4235
866.1885
1814.34925
724.951
816.4365
1533.21575
462.20575
674.9215
778.07275
1693.285
781.45375
911.99125
806.5165
715.42175
784.61375
668.83
497.39025
509.3375
534.46225
710.736
901.9355
1052.661
1055.68075
646.3075
789.579
877.78525
556.6335
771.39775
620.90925
779.2935
364.2585
444.2805
466.988
950.228
393.272
551.7395
489.25325
502.5125
556.31875
559.15025
432.8425
683.13875
1117.206
357.1565
374.69975
608.16875
764.6195
609.72425
388.24625
478.7
515.6795
560.2255
388.68725
523.2855
298.00275
528.26625
443.1685
440.44725
414.4315
372.482
272.219
238.66575
273.75625
422.21025
502.40025
1302.87725
432.80925
578.42625
343.73275
317.773
426.65925
360.08925
311.5005
268.304
329.45275
169.691
648.26225
211.112
222.79325
376.4375
176.33275
130.4125
109.36775
142.3835
231.02625
168.86975
102.843
136.60925
109.08225
141.02775
168.0075
164.169
170.961
153.67025
98.5495
192.39025
187.90875
81.78075
471.506
471.863
199.33325
147.77675
73.42575
50.997
40.474
76.679
90.73675
69.29825
50.44225
72.66225
27.997
92.3315
19.64425
99.62125
6.67775
174.87925
133.19925
154.46075
89.95975
69.4715
29.06025
54.77525
56.605
10.98125
