1560.0295
619.089
2062.84875
2518.91225
993.92
570.42375
1345.82225
788.1155
659.9525
752.7285
463.63125
1586.12875
986.977
448.74125
495.63275
735.24975
745.58025
476.666
613.80325
1020.22025
456.197
443.6025
1166.31775
495.04975
764.39825
745.457
607.40175
359.433
400.30975
592.22475
309.80475
479.6625
768.99825
513.95275
472.53425
495.3085
593.7955
449.82025
356.6475
602.87525
771.232
460.5415
904.99
426.1575
516.98325
594.24725
342.578
328.4125
346.8705
408.4455
220.5305
220.00625
734.43975
526.11575
478.88475
639.13075
420.3865
543.89
566.8965
373.36
377.4915
328.0925
213.58475
333.7545
459.19025
261.17025
254.06175
243.472
201.68875
661.55725
404.86975
364.0725
303.18175
567.73575
260.343
200.764
372.81675
239.434
257.00825
343.5455
223.42625
1164.624
400.79125
429.30975
376.6545
260.83475
250.887
406.048
725.22725
575.30175
441.295
276.94825
253.22775
179.234
233.04775
258.06925
275.6
250.21025
347.317
249.86275
181.3485
157.07
291.4215
134.906
100.38125
107.76525
58.7395
85.7655
93.4795
95.00175
175.607
104.14575
39.28425
50.0695
80.365
129.12275
89.27225
215.06775
46.25675
74.197
108.3855
40.766
70.07075
47.96875
196.8775
20.077
51.826
3.5789999999999997
24.695
11.31125
16.39575
