800.9665
2847.378
5066.94375
2348.595
2697.38325
838.11675
790.7685
823.9815
2319.6655
880.98825
839.2175
368.38025
563.3625
541.4555
1004.33075
720.165
901.16575
428.72
810.7505
951.3865
532.8495
531.926
695.6265
693.7215
526.50975
643.4825
738.88775
630.799
843.2415
749.95525
696.52075
869.1465
708.12375
802.443
419.54875
542.15625
383.53825
505.1715
350.85025
611.763
491.0555
480.16475
560.97025
264.60325
567.495
302.1035
534.018
659.21825
418.97575
394.84025
658.783
299.20125
404.00825
268.74325
701.3335
436.94075
283.931
372.77
329.72875
208.38425
249.92425
452.97275
449.37725
578.7
460.50825
345.762
298.15575
389.093
357.04
293.05525
131.927
464.5175
386.3895
121.32925
251.586
451.85675
318.6545
504.01525
541.05475
232.24
438.08175
192.22275
107.2425
255.0665
96.5065
86.031
138.477
327.077
183.8875
148.89075
121.4285
185.077
115.695
112.5
74.88525
130.39925
52.79875
172.746
181.63725
93.12075
91.993
175.694
79.65475
129.61925
15.29975
75.12625
52.04725
40.71175
91.16125
86.18925
178.85725
64.073
157.1175
37.38125
29.1555
48.948
238.6945
0.2655
19.43575
46.37175
