970.138285714
655.404285714
1153.269714285
948.726857142
824.839428571
1020.449428571
1325.945428571
1448.806285714
753.823142857
388.970857142
1001.213714285
1609.896285714
2372.273714285
1765.753142857
1133.820857142
931.533714285
1212.810857142
233.825428571
1151.802857142
1235.885428571
373.914857142
550.167714285
397.935428571
442.033428571
141.015714285
749.795714285
198.98
583.224285714
520.955428571
1308.695142857
962.304285714
434.281142857
888.074
1180.648
961.816
298.620285714
606.196285714
558.044285714
731.984
709.386285714
730.53
658.18
344.780285714
467.790571428
345.430285714
783.822857142
753.223142857
381.790285714
643.487142857
492.659428571
441.155714285
402.368571428
415.958285714
427.013142857
739.282
1619.705714285
285.395714285
295.224857142
283.248571428
456.454285714
824.052571428
845.439142857
760.824571428
705.028
440.950571428
554.092857142
517.140285714
398.003428571
357.371142857
520.527142857
246.249714285
159.778857142
415.813714285
268.770571428
279.358857142
175.917714285
292.182571428
217.66
555.538571428
262.149714285
586.223428571
163.228857142
123.906285714
116.877142857
163.42
127.109714285
121.092857142
267.075428571
396.250857142
149.602
193.159428571
143.694571428
137.764571428
312.084285714
16.728
149.664571428
71.325142857
43.364285714
26.121142857
63.612
115.918857142
59.729142857
63.915714285
68.761142857
167.042285714
119.879714285
124.201428571
95.573428571
128.91
95.798
59.225142857
66.122857142
54.324571428
42.633714285
241.250857142
138.654285714
4.432857142
46.684285714
1.090857142
3.8588571419999997
0.748857142
5.222857142
18.671428571
2.4111428569999998
29.586285714
51.415714285
16.243428571
31.577714285
32.393142857
12.530857142
4.578571428
