823.687714285
817.119714285
614.664
610.307428571
867.832571428
775.248857142
717.845714285
930.261428571
753.816285714
1298.833142857
657.325142857
914.654857142
712.431428571
529.132
567.969428571
1648.060571428
577.337714285
416.166
563.683142857
715.611142857
442.09
667.746571428
551.145428571
757.973428571
1099.925714285
705.748857142
813.259714285
662.145142857
621.782
794.862857142
1183.804
492.618571428
567.604571428
490.388857142
464.794
723.156857142
377.402285714
749.934571428
456.240857142
691.800857142
986.768285714
423.346571428
649.378857142
230.69
599.966571428
451.03
491.573142857
525.362285714
690.793714285
626.354
832.804571428
1615.854
1030.270571428
794.691142857
2048.323428571
172.109142857
270.125142857
1150.88
577.386285714
490.502571428
361.921714285
519.718
274.871714285
683.696857142
559.471428571
220.727428571
295.687142857
180.802
276.714285714
208.998
264.933428571
207.875714285
208.398285714
485.125142857
222.076571428
207.031428571
220.931714285
118.141428571
323.440857142
273.056571428
137.064285714
219.588857142
236.450571428
98.031714285
167.275714285
275.336285714
355.378285714
419.044857142
234.606285714
942.243142857
552.599714285
114.710285714
380.733428571
188.444285714
297.754
152.967428571
69.232285714
260.286
211.084285714
132.893428571
260.329428571
111.003142857
62.015428571
87.526857142
11.780285714
25.621714285
7.983714285
34.329714285
47.604
86.095714285
80.385428571
4.759714285
30.489714285
60.030285714
0
0
17.61
24.568571428
17.147714285
30.889428571
31.941714285
