328.6985
2428.93525
1782.35175
3237.84875
1173.07075
1143.46975
2184.064
1830.82175
2231.22275
2125.789
1287.30825
1264.38425
455.73975
1423.1805
2818.17775
816.647
698.536
1647.57025
268.45225
1027.0085
1206.4375
661.10375
259.629
418.4305
617.93925
1051.388
560.76725
801.51625
558.09525
1910.544
470.52675
655.8235
370.72575
559.755
634.5335
369.18875
177.0315
404.57625
810.5745
536.4495
906.82375
316.859
253.9835
562.166
378.26425
447.7555
355.835
366.72075
273.8875
317.968
414.2385
309.5635
340.1485
280.26225
748.22225
394.70225
443.84825
451.2315
194.07425
740.169
185.8585
167.89275
361.5985
191.82025
642.74425
460.2365
442.31275
171.56675
231.732
255.65925
346.38625
255.42075
127.97775
254.99675
204.766
75.684
101.15575
205.377
288.47375
426.0205
154.8785
149.409
193.66925
98.912
56.81925
27.859
48.638
109.00125
62.17
348.5195
60.55725
125.6515
183.61675
115.1125
27.323
4.88
46.86225
86.975
92.3905
26.5195
20.4195
12.473
59.8315
47.918
23.066
26.66375
22.59775
35.528
16.491
134.256
39.3065
7.84975
72.512
25.5455
10.1595
0
33.67775
0.11825
0.0885
6.3855
2.9045
16.7225
19.34
