691.90275
2555.2765
2253.104
1746.3065
1572.26875
2417.8615
1533.5605
1028.237
985.1995
1561.172
1724.69475
658.011
2063.66575
615.025
724.809
462.22425
1108.52075
919.8795
623.0565
466.266
661.82975
532.28275
593.68725
879.68075
1422.7955
830.08275
749.58175
607.6155
432.57725
711.9955
1020.8485
1103.201
581.73075
255.20025
294.643
228.57625
403.08225
470.00675
177.6165
640.42175
1403.9985
374.5675
482.8245
497.24575
498.66625
446.206
276.2205
550.58125
368.945
407.286
350.7865
551.99575
383.45575
634.197
349.3955
529.9365
292.0135
270.21025
340.0035
220.49275
194.4265
331.6235
459.0535
294.248
435.49025
220.57175
244.99975
466.55525
257.318
430.30675
366.63
507.598
189.90675
317.7765
419.94525
179.90725
123.2215
255.49975
223.794
184.97675
223.12475
197.698
141.982
228.7735
278.88625
361.791
43.08275
219.90675
152.3005
125.37325
84.14
90.60425
111.228
164.08025
63.315
89.6315
197.53425
215.51625
105.5465
145.08225
115.00325
320.36325
237.88325
140.792
126.72525
151.7665
100.18025
177.29625
127.2475
15.28175
105.654
62.85225
32.5185
5.582
74.58
12.621
17.4365
45.38275
0
