557.46075
489.718
2537.8775
2968.05475
2794.5945
1476.65975
1384.9165
3012.707
367.78575
1360.5475
1456.8335
2991.6295
1183.58125
428.86025
783.18225
1852.9805
719.80525
633.64325
517.804
603.13425
585.7605
1288.28175
692.05675
990.05175
1137.581
442.32825
434.994
707.49825
1257.451
865.06975
305.9775
907.15675
370.521
463.0985
741.60425
503.583
588.9765
752.6005
608.244
448.66425
498.7905
145.42875
298.719
488.8465
519.70375
407.9935
336.33475
389.46625
468.028
995.4975
387.2445
252.60275
372.53775
178.22525
269.82975
346.17525
281.476
258.60875
238.96075
505.20325
543.3495
293.647
344.85575
168.3185
291.159
259.187
307.74875
272.33425
416.99475
99.3285
142.05
71.6515
166.6355
200.535
205.65175
157.1295
438.148
286.5295
213.4475
270.99725
185.654
226.25925
126.474
184.802
144.52075
258.47225
202.1945
131.7535
180.36725
156.19375
187.6025
121.9215
146.978
67.48575
90.615
119.2265
89.708
151.64975
107.14725
88.8055
240.63625
128.84925
288.8105
59.8185
92.57575
29.847
59.79
2.065
58.03375
200.844
226.822
148.06275
154.38375
124.68825
21.3635
72.454
11.618500000000001
13.78675
36.573
57.069
19.382
49.55125
14.25375
32.52225
29.0525
4.15775
19.96675
20.4695
11.084
21.96975
2.60975
1.24475
15.8095
6.212
10.224
0.01675
3.1605
