2100.360571428
1296.591714285
615.779428571
1318.278571428
738.107142857
1144.541428571
1659.829714285
827.867428571
457.286
613.304571428
1360.592571428
933.680571428
764.938285714
960.342571428
770.688857142
723.368571428
950.135428571
1108.504
905.153142857
835.519714285
550.744857142
516.078571428
634.544571428
547.364
1033.193428571
442.985142857
716.733142857
665.878285714
360.441142857
408.868857142
958.059142857
862.804571428
667.369428571
831.153142857
888.383428571
642.017714285
395.782
567.615428571
544.785142857
552.480857142
1018.742
482.898285714
468.254571428
564.906285714
251.742
558.718285714
359.239714285
548.292571428
365.646
619.032857142
403.127428571
235.198571428
179.282571428
358.868857142
284.007428571
684.29
445.220857142
269.603142857
192.786285714
223.983142857
187.413142857
690.960285714
560.579142857
630.203428571
326.382857142
166.092857142
375.417714285
251.713142857
327.704285714
197.343142857
378.529428571
185.608
250.957142857
146.029142857
244.691142857
278.71
200.181142857
63.476
70.778571428
564.874
146.954285714
458.706285714
121.698285714
270.436285714
457.209428571
546.076285714
271.079142857
293.220571428
299.568285714
380.404285714
167.535714285
160.752
221.586285714
169.608285714
190.642285714
224.290857142
125.005428571
187.674
165.635428571
36.157142857
90.821142857
89.337714285
85.078
435.149428571
128.701142857
103.653714285
165.109428571
195.803142857
150.957142857
26.436571428
124.263714285
418.552857142
300.148571428
103.626285714
138.932285714
157.003714285
132.766285714
37.704285714
43.209714285
76.418571428
38.851142857
26.756571428
48.525428571
49.684285714
129.532285714
43.596
30.340571428
24.039142857
12.546857142
88.477142857
63.189142857
12.324857142
1.904857142
26.003714285
1.276571428
5.494285714
56.423714285
9.480857142
32.633428571
18.528571428
55.244
105.183714285
6.4879999999999995
6.556857142
0.297714285
0.354571428
5.290857142
3.290285714
17.859142857
41.706285714
48.043428571
19.086285714
11.862285714
4.546285714
21.474857142
16.254285714
49.544
22.347428571000002
46.980571428
0.121142857
10.838571428
0.334
0.290857142
0.215428571
0.205714285
0
0.092857142
0.345428571
0.194
0.055714285
0.044
0.030857142
0
0.17
0.038857142
0.038
0.004
4.210285714
12.63
0
11.835714285
